﻿Date,Count,Accumulated_Count
2023/5/9,22142,22142
2023/5/10,36454,58596
2023/5/11,38409,97005
2023/5/12,35470,132475
2023/5/13,39632,172107
2023/5/14,28293,200400
2023/5/15,27772,228172
2023/5/16,29382,257554
2023/5/17,33688,291242